0 0 100 2 200
0 1 49 2 150
0 2 200 3 100
0 3 120 2 220
0 4 70 2 190
0 5 180 3 110
0 6 90 2 250
0 7 230 3 180
0 8 140 2 160
0 9 210 2 140
0 10 30 99 170
0 11 160 3 130
0 12 110 2 240
0 13 160 3 120
0 14 140 2 130
0 15 50 3 250
0 16 100 2 200
0 17 60 3 210
0 18 180 2 220
0 19 120 3 180
0 20 70 2 190
0 21 90 3 250
0 22 200 2 220
0 23 130 3 240
0 24 140 2 150
0 25 110 3 230
0 26 150 2 210
0 27 80 3 240
0 28 170 2 180
0 29 120 2 200
0 30 60 3 210
0 31 129 2 170
0 32 110 3 250
0 33 180 2 160
0 34 70 3 220
0 35 90 2 200
0 36 230 3 180
0 37 150 2 240
0 38 110 3 190
0 39 50 2 210
0 40 140 3 180
0 41 100 2 170
0 42 60 3 200
0 43 200 2 230
0 44 80 3 160
0 45 120 2 250
0 46 180 3 190
0 47 140 2 160
0 48 170 3 180
0 49 130 2 220
1 0 148 2 215
1 1 12 3 211
1 2 94 2 40
1 3 217 1 144
1 4 38 3 50
1 5 57 2 102
1 6 33 1 204
1 7 150 3 174
1 8 76 2 35
1 9 118 3 111
1 10 202 2 190
1 11 135 1 220
1 12 67 2 77
1 13 190 1 99
1 14 4 3 185
1 15 148 2 60
1 16 11 1 131
1 17 220 2 49
1 18 41 3 62
1 19 140 2 150
1 20 63 1 84
1 21 203 3 93
1 22 122 2 187
1 23 15 1 45
1 24 186 2 53
1 25 78 3 182
1 26 250 1 28
1 27 99 2 209
1 28 58 3 96
1 29 167 2 164
1 30 19 3 130
1 31 179 1 117
1 32 106 2 55
1 33 41 3 108
1 34 115 2 121
1 35 92 1 135
1 36 56 3 73
1 37 134 2 168
1 38 33 1 165
1 39 121 2 20
1 40 85 3 196
1 41 174 2 88
1 42 211 1 25
1 43 5 3 78
1 44 158 2 179
1 45 82 1 43
1 46 148 2 30
1 47 219 3 168
1 48 111 2 82
1 49 193 1 180
2 0 11 2 98
2 1 107 3 184
2 2 203 1 72
2 3 37 2 158
2 4 77 3 167
2 5 119 1 190
2 6 200 3 120
2 7 50 2 167
2 8 140 1 142
2 9 39 3 102
2 10 6 2 134
2 11 178 1 111
2 12 210 3 174
2 13 150 1 88
2 14 135 2 206
2 15 92 1 105
2 16 171 2 151
2 17 86 3 132
2 18 12 2 43
2 19 212 1 31
2 20 63 3 99
2 21 107 2 200
2 22 40 3 222
2 23 198 1 159
2 24 68 2 168
2 25 183 1 189
2 26 9 3 34
2 27 60 2 95
2 28 156 1 81
2 29 30 3 162
2 30 24 2 134
2 31 116 3 147
2 32 168 1 16
2 33 139 2 220
2 34 24 1 148
2 35 11 3 165
2 36 53 1 70
2 37 77 2 64
2 38 131 3 54
2 39 105 1 27
2 40 173 3 151
2 41 189 2 80
2 42 146 1 159
2 43 24 3 205
2 44 72 2 42
2 45 118 1 128
2 46 187 3 17
2 47 11 2 99
2 48 53 1 181
2 49 68 3 58
3 0 135 2 215
3 1 12 1 211
3 2 94 2 40
3 3 217 3 144
3 4 38 2 50
3 5 57 1 102
3 6 33 3 204
3 7 150 1 174
3 8 76 2 35
3 9 118 3 111
3 10 202 2 190
3 11 135 1 220
3 12 67 2 77
3 13 190 1 99
3 14 4 3 185
3 15 148 1 60
3 16 11 2 131
3 17 220 3 49
3 18 41 1 62
3 19 140 2 150
3 20 63 3 84
3 21 203 1 93
3 22 122 2 187
3 23 15 1 45
3 24 186 2 53
3 25 78 3 182
3 26 250 1 28
3 27 99 2 209
3 28 58 3 96
3 29 167 2 164
3 30 19 3 130
3 31 179 1 117
3 32 106 2 55
3 33 41 3 108
3 34 115 2 121
3 35 92 1 135
3 36 56 3 73
3 37 134 2 168
3 38 33 1 165
3 39 121 2 20
3 40 85 3 196
3 41 174 2 88
3 42 211 1 25
3 43 5 3 78
3 44 158 2 179
3 45 82 1 43
3 46 148 2 30
3 47 219 3 168
3 48 111 2 82
3 49 193 1 180
4 0 11 2 98
4 1 107 3 184
4 2 203 1 72
4 3 37 2 158
4 4 77 3 167
4 5 119 1 190
4 6 200 3 120
4 7 50 2 167
4 8 140 1 142
4 9 39 3 102
4 10 6 2 134
4 11 178 1 111
4 12 210 3 174
4 13 150 1 88
4 14 135 2 206
4 15 92 1 105
4 16 171 2 151
4 17 86 3 132
4 18 12 2 43
4 19 212 1 31
4 20 63 3 99
4 21 107 2 200
4 22 40 3 222
4 23 198 1 159
4 24 68 2 168
4 25 183 1 189
4 26 9 3 34
4 27 60 2 95
4 28 156 1 81
4 29 30 3 162
4 30 24 2 134
4 31 116 3 147
4 32 168 1 16
4 33 139 2 220
4 34 24 1 148
4 35 11 3 165
4 36 53 1 70
4 37 77 2 64
4 38 131 3 54
4 39 105 1 27
4 40 173 3 151
4 41 189 2 80
4 42 146 1 159
4 43 24 3 205
4 44 72 2 42
4 45 118 1 128
4 46 187 3 17
4 47 11 2 99
4 48 53 1 181
4 49 68 3 58
5 0 145 2 214
5 1 199 1 222
5 2 35 2 150
5 3 105 3 143
5 4 187 1 184
5 5 72 3 120
5 6 90 1 118
5 7 62 3 141
5 8 176 2 135
5 9 84 1 158
5 10 40 2 130
5 11 55 1 127
5 12 173 3 145
5 13 25 2 189
5 14 214 1 129
5 15 88 3 151
5 16 6 2 70
5 17 117 1 160
5 18 63 3 111
5 19 105 1 87
5 20 57 2 141
5 21 92 3 153
5 22 174 1 194
5 23 43 3 113
5 24 25 2 169
5 25 115 3 72
5 26 134 1 102
5 27 70 2 128
5 28 157 3 119
5 29 6 2 86
5 30 64 1 82
5 31 122 3 141
5 32 104 2 119
5 33 189 1 120
5 34 39 3 126
5 35 175 2 106
5 36 191 1 91
5 37 77 3 108
5 38 83 1 114
5 39 167 2 88
5 40 4 3 93
5 41 156 2 111
5 42 11 1 105
5 43 129 3 119
5 44 44 2 96
5 45 168 1 83
5 46 81 3 98
5 47 108 2 78
5 48 160 1 91
5 49 22 3 115
6 0 187 1 120
6 1 123 2 135
6 2 46 3 111
6 3 61 2 108
6 4 173 3 143
6 5 65 1 106
6 6 100 3 92
6 7 134 2 105
6 8 42 1 109
6 9 19 2 117
6 10 195 1 95
6 11 77 2 121
6 12 50 3 130
6 13 184 1 113
6 14 68 2 140
6 15 128 3 85
6 16 220 1 132
6 17 116 2 98
6 18 12 1 118
6 19 129 3 133
6 20 88 2 128
6 21 101 1 92
6 22 54 3 108
6 23 72 2 103
6 24 38 1 91
6 25 106 3 124
6 26 141 1 111
6 27 63 2 112
6 28 67 3 133
6 29 185 1 117
6 30 24 2 110
6 31 109 1 93
6 32 130 3 92
6 33 147 2 121
6 34 184 1 138
6 35 101 2 133
6 36 28 3 140
6 37 155 1 118
6 38 170 2 110
6 39 135 3 121
6 40 99 1 113
6 41 59 2 128
6 42 103 1 121
6 43 12 3 112
6 44 95 2 119
6 45 162 1 126
6 46 184 3 118
6 47 23 2 113
6 48 118 1 112
6 49 68 3 124
7 0 230 3 191
7 1 45 1 223
7 2 120 3 120
7 3 8 2 115
7 4 160 1 94
7 5 80 2 130
7 6 58 3 106
7 7 200 1 141
7 8 33 2 129
7 9 12 3 119
7 10 67 1 113
7 11 118 2 95
7 12 150 1 147
7 13 5 3 107
7 14 35 2 99
7 15 220 1 132
7 16 142 2 107
7 17 45 3 141
7 18 19 1 118
7 19 180 2 94
7 20 113 3 125
7 21 72 1 136
7 22 64 2 143
7 23 165 1 108
7 24 85 3 121
7 25 110 1 102
7 26 210 2 149
7 27 177 1 131
7 28 30 2 134
7 29 100 1 115
7 30 62 3 123
7 31 138 1 124
7 32 150 2 114
7 33 70 3 107
7 34 85 1 129
7 35 173 2 120
7 36 30 3 134
7 37 119 1 116
7 38 11 2 130
7 39 174 1 109
7 40 156 3 118
7 41 67 1 141
7 42 80 2 124
7 43 91 1 140
7 44 203 3 130
7 45 150 2 103
7 46 60 1 127
7 47 142 3 112
7 48 173 1 121
7 49 25 2 140
8 0 215 1 106
8 1 110 2 131
8 2 48 3 119
8 3 88 1 124
8 4 35 2 137
8 5 138 1 119
8 6 215 2 112
8 7 98 1 126
8 8 60 2 118
8 9 45 3 139
8 10 117 1 121
8 11 134 2 104
8 12 101 1 135
8 13 42 2 128
8 14 77 3 113
8 15 169 1 144
8 16 103 2 131
8 17 19 1 115
8 18 150 2 120
8 19 180 3 121
8 20 128 1 110
8 21 56 2 137
8 22 61 3 112
8 23 145 1 119
8 24 80 2 142
8 25 195 1 133
8 26 98 3 127
8 27 212 1 116
8 28 122 2 141
8 29 36 1 104
8 30 163 2 126
8 31 15 3 110
8 32 137 1 108
8 33 90 2 129
8 34 71 1 119
8 35 50 2 118
8 36 163 1 127
8 37 14 3 141
8 38 220 2 112
8 39 123 1 110
8 40 61 3 134
8 41 189 1 137
8 42 103 2 108
8 43 74 1 129
8 44 33 2 134
8 45 114 1 139
8 46 180 3 124
8 47 160 1 110
8 48 80 2 118
8 49 43 1 124
9 0 191 1 116
9 1 135 2 103
9 2 39 3 108
9 3 115 1 124
9 4 198 2 137
9 5 52 1 122
9 6 185 2 111
9 7 79 3 119
9 8 71 2 102
9 9 200 3 129
9 10 34 1 132
9 11 149 2 120
9 12 100 1 137
9 13 29 2 131
9 14 47 3 104
9 15 158 1 116
9 16 90 2 122
9 17 157 3 110
9 18 9 1 129
9 19 67 2 118
9 20 134 1 140
9 21 53 2 117
9 22 189 3 110
9 23 118 1 128
9 24 177 2 134
9 25 75 1 132
9 26 142 3 103
9 27 80 2 129
9 28 39 1 137
9 29 174 2 120
9 30 115 3 116
9 31 66 1 114
9 32 112 2 121
9 33 14 1 133
9 34 185 3 104
9 35 38 2 130
9 36 92 1 126
9 37 211 2 118
9 38 148 1 108
9 39 30 2 120
9 40 109 3 123
9 41 135 1 115
9 42 57 2 124
9 43 129 1 139
9 44 204 2 131
9 45 92 1 136
9 46 75 3 127
9 47 36 1 112
9 48 117 2 128
9 49 63 1 120

